Soluzione del problema N5
Route:0
0 76 73 69 91 79 146 70 63 100 95 134 92 103 65 142 107 0 
Costo route:70619.95709257449
Route:1
0 132 145 106 88 53 68 71 121 148 112 85 86 137 122 128 0 
Costo route:76162.74942710044
Route:2
0 78 56 51 82 139 127 143 110 140 129 89 60 74 72 114 0 
Costo route:81259.75831740367
Route:3
0 133 147 116 97 66 98 67 93 113 149 144 150 64 117 130 75 120 136 126 99 58 0 
Costo route:112133.18109973626
Route:4
0 124 57 102 54 59 109 111 135 80 108 96 83 81 10 3 4 42 17 39 43 48 33 28 31 2 38 27 7 34 0 
Costo route:142941.37904248486
Route:5
0 104 119 105 62 19 26 25 15 11 37 32 12 44 24 23 8 6 41 0 
Costo route:132226.34997896058
Route:6
0 55 123 77 94 138 52 125 141 90 101 115 61 118 16 45 21 14 5 47 35 20 50 36 13 49 22 30 1 40 9 29 46 18 0 
Costo route:182142.37776210796

Numero di route: 7
Costo totale:797485.7527203682
Errore relativo: 1.1353065597799274
Tempo di esecuzione: 2.0465595722198486
