Soluzione del problema N6
Route:0
0 119 65 92 134 95 69 133 103 73 56 74 107 51 60 104 87 0 
Costo route:47225.75094949682
Route:1
0 105 57 125 52 141 145 137 86 85 68 53 88 122 106 0 
Costo route:56331.83384350862
Route:2
0 54 80 109 108 138 112 148 121 71 90 115 101 94 0 
Costo route:58577.78555467397
Route:3
0 127 143 66 98 67 93 150 113 144 64 149 117 130 75 136 120 97 128 110 0 
Costo route:78279.73217702864
Route:4
0 124 84 132 140 139 55 81 135 41 23 26 18 21 40 9 29 45 16 46 30 1 14 8 11 15 37 0 
Costo route:128008.85602333979
Route:5
0 62 83 59 72 102 123 114 77 61 118 131 96 6 27 38 2 31 42 19 25 12 32 24 10 34 44 0 
Costo route:110207.80338752628
Route:6
0 129 82 126 116 91 79 70 63 58 147 99 146 100 76 142 20 50 36 13 35 49 47 3 7 28 39 17 48 33 43 4 5 22 0 
Costo route:142990.46686184863

Numero di route: 7
Numero di mezzi: 8
Costo totale:621622.2287974227
Errore relativo: 0.6631632383365289
Tempo di esecuzione: 2.4923434257507324
