Soluzione del problema J2
Route:0
0 93 53 88 73 74 0 
Costo route:18433.005421026533
Route:1
0 49 78 77 63 84 46 30 87 90 70 0 
Costo route:44550.97735002275
Route:2
0 34 72 61 64 38 42 45 25 76 43 29 0 
Costo route:47237.56134475427
Route:3
0 56 58 68 27 85 69 60 48 32 39 51 0 
Costo route:48248.0392653349
Route:4
0 92 83 71 47 65 41 28 52 20 0 
Costo route:60510.0724634138
Route:5
0 44 82 33 62 36 35 67 89 66 91 75 79 0 
Costo route:70210.24430883213
Route:6
0 55 86 54 37 22 57 81 40 59 14 9 10 7 11 13 4 8 18 0 
Costo route:118123.06874161592
Route:7
0 31 24 50 94 21 80 16 1 15 17 12 2 19 5 3 6 0 
Costo route:80867.08505726987

Numero di route: 8
Numero di mezzi: 8
Costo totale:488180.0539522702
Errore relativo: 0.5726588877293131
Tempo di esecuzione: 1.1309802532196045
