Soluzione del problema K2
Route:0
0 77 50 108 91 113 83 42 0 
Costo route:28196.402359671094
Route:1
0 73 41 53 61 92 90 66 89 97 56 0 
Costo route:41196.911473225584
Route:2
0 54 95 39 79 106 68 86 105 87 0 
Costo route:45254.26373543476
Route:3
0 82 88 76 69 110 94 81 48 45 64 0 
Costo route:48664.222934031524
Route:4
0 60 99 63 104 55 84 59 74 32 15 1 9 17 2 30 33 0 
Costo route:109286.12250576957
Route:5
0 100 80 58 102 71 52 78 47 109 14 34 38 35 19 28 16 23 0 
Costo route:102566.82963220426
Route:6
0 40 51 111 67 57 112 72 101 98 36 8 18 22 24 27 20 25 21 13 26 4 0 
Costo route:122595.2108648748
Route:7
0 96 65 49 93 62 75 44 85 70 29 10 11 37 7 31 6 3 5 12 0 
Costo route:85533.22006737531

Numero di route: 8
Numero di mezzi: 8
Costo totale:583293.1835725869
Errore relativo: 0.6107286984579761
Tempo di esecuzione: 0.9221382141113281
