Soluzione del problema L1
Route:0
0 115 97 81 102 86 79 146 119 59 13 63 7 66 31 18 19 32 0 
Costo route:81011.70541874507
Route:1
0 108 109 127 112 142 118 143 136 61 45 39 9 20 30 64 3 0 
Costo route:63467.313158416924
Route:2
0 78 76 147 131 132 110 141 139 71 67 23 58 0 
Costo route:43535.190606264536
Route:3
0 148 113 107 83 121 114 72 49 57 26 38 52 16 6 0 
Costo route:73515.60709104451
Route:4
0 125 128 100 92 126 101 44 55 50 21 40 75 47 28 14 46 73 0 
Costo route:85243.50927409783
Route:5
0 129 122 149 29 48 69 62 8 37 11 56 5 0 
Costo route:49523.04841548214
Route:6
0 91 82 123 133 137 88 124 99 104 150 27 68 10 60 1 17 2 65 41 0 
Costo route:87188.55193477291
Route:7
0 96 95 98 90 77 105 140 33 24 12 54 43 51 70 42 0 
Costo route:65297.885268175625
Route:8
0 93 87 89 103 135 106 134 120 116 144 25 74 22 35 53 36 4 15 34 0 
Costo route:115503.69627359981

Numero di route: 9
Costo totale:664286.5074405994
Errore relativo: 0.5895976688951303
Tempo di esecuzione: 0.07081151008605957
