Soluzione del problema H5
Route:0
0 61 64 27 24 57 35 0 
Costo route:28182.0672299325
Route:1
0 68 53 63 42 66 54 29 41 32 43 30 45 60 49 17 10 5 21 11 23 0 
Costo route:128516.08252627627
Route:2
0 44 39 58 26 38 46 52 36 50 34 56 67 25 8 3 22 16 12 1 19 15 0 
Costo route:108570.36041847126
Route:3
0 33 48 40 31 55 37 65 59 47 4 2 20 6 7 9 14 13 18 0 
Costo route:91050.13820284039

Numero di route: 4
Numero di mezzi: 4
Costo totale:356318.64837752044
Errore relativo: 0.4477376915318906
Tempo di esecuzione: 0.10307741165161133
