Soluzione del problema K4
Route:0
0 42 41 87 82 86 54 73 0 
Costo route:22560.54216103504
Route:1
0 50 100 80 58 102 71 52 78 47 109 83 113 0 
Costo route:63764.44110725538
Route:2
0 65 76 69 110 94 81 48 63 104 55 84 59 0 
Costo route:65724.92187961952
Route:3
0 77 49 75 60 99 74 43 44 85 70 1 29 10 11 37 7 31 6 3 5 12 0 
Costo route:83766.5381228042
Route:4
0 40 51 111 67 57 112 72 101 98 107 36 8 18 22 24 27 20 25 21 13 26 4 0 
Costo route:126245.16327550312
Route:5
0 64 95 39 79 106 68 45 88 105 93 32 15 9 17 2 30 33 0 
Costo route:122375.94194843448
Route:6
0 103 53 61 92 90 66 89 97 56 108 14 34 38 35 19 28 16 23 0 
Costo route:92052.30540376734

Numero di route: 7
Costo totale:576489.8538984191
Errore relativo: 0.6520700785167476
Tempo di esecuzione: 0.02992081642150879
