Soluzione del problema N4
Route:0
0 125 132 124 110 143 127 105 0 
Costo route:25255.854074401603
Route:1
0 111 109 54 80 135 81 55 57 62 0 
Costo route:25551.93901452588
Route:2
0 104 139 89 140 129 82 126 116 0 
Costo route:35981.194457342324
Route:3
0 83 72 102 123 114 77 61 118 131 96 78 0 
Costo route:58689.82268207685
Route:4
0 84 66 98 67 93 150 113 144 64 149 117 130 75 136 120 97 128 0 
Costo route:75360.96586820886
Route:5
0 108 138 112 148 121 71 90 115 101 94 18 26 6 27 38 2 31 42 19 25 23 41 0 
Costo route:105673.59316981067
Route:6
0 91 79 70 63 58 147 99 146 100 76 142 60 32 24 10 20 50 36 13 35 49 47 3 5 22 34 0 
Costo route:106408.40399567693
Route:7
0 87 65 92 134 95 69 133 103 73 56 74 107 7 28 39 17 48 33 43 4 12 44 0 
Costo route:79061.36723840013
Route:8
0 52 141 145 137 86 85 68 53 88 122 21 40 9 29 45 16 46 30 1 14 8 11 15 37 0 
Costo route:124404.29880618403

Numero di route: 9
Costo totale:636387.4393066273
Errore relativo: 0.611972601260999
Tempo di esecuzione: 0.06283187866210938
