Soluzione del problema H2
Route:0
0 50 34 56 67 25 62 39 27 24 44 0 
Costo route:50105.27550748318
Route:1
0 35 63 42 66 54 29 41 32 43 30 45 57 0 
Costo route:62845.003713453356
Route:2
0 37 65 59 47 58 26 38 46 52 36 55 8 3 22 16 12 1 19 15 0 
Costo route:109956.72292421717
Route:3
0 64 17 10 5 21 11 23 0 
Costo route:49895.2405932935
Route:4
0 48 68 53 60 49 31 28 51 4 2 20 6 7 9 14 13 18 0 
Costo route:117924.54378902863

Numero di route: 5
Numero di mezzi: 5
Costo totale:390726.7865274758
Errore relativo: 0.5421498096717219
Tempo di esecuzione: 0.12497973442077637
