Soluzione del problema M1
Route:0
0 119 110 86 30 117 52 36 39 0 
Costo route:23665.815673447218
Route:1
0 35 89 97 81 62 67 45 87 72 0 
Costo route:29284.095992250008
Route:2
0 84 40 122 74 91 78 71 116 100 90 115 0 
Costo route:40114.895614585126
Route:3
0 99 59 107 28 60 27 109 92 124 113 80 104 64 48 0 
Costo route:50928.42056694915
Route:4
0 37 65 50 42 32 79 56 103 46 112 111 120 0 
Costo route:56985.134916609764
Route:5
0 96 61 123 58 57 108 77 54 47 70 0 
Costo route:57104.15171672828
Route:6
0 88 94 98 41 29 73 93 105 38 0 
Costo route:59477.203969244445
Route:7
0 101 66 85 95 82 83 26 21 16 20 3 10 24 13 9 0 
Costo route:76597.97086851532
Route:8
0 63 125 106 55 118 49 34 75 69 51 14 19 25 2 23 1 15 18 11 0 
Costo route:104722.10129435621
Route:9
0 114 31 44 43 68 53 121 4 6 12 7 5 22 17 8 0 
Costo route:88341.74828176845

Numero di route: 10
Costo totale:587221.538894454
Errore relativo: 0.4732359547068163
Tempo di esecuzione: 0.05585026741027832
