Soluzione del problema N1
Route:0
0 132 124 141 125 105 87 0 
Costo route:18064.668558092504
Route:1
0 83 104 119 89 129 82 72 51 62 0 
Costo route:43195.315503805075
Route:2
0 60 65 92 134 95 69 133 103 73 56 74 107 0 
Costo route:43623.28982491112
Route:3
0 84 139 110 140 143 126 116 136 120 97 0 
Costo route:45655.27706727953
Route:4
0 138 112 148 121 71 90 115 101 94 0 
Costo route:50470.98876823188
Route:5
0 91 79 70 63 58 147 99 146 100 76 7 28 39 17 48 33 43 4 12 32 44 0 
Costo route:78938.41402848689
Route:6
0 57 55 81 135 80 54 59 109 108 41 26 18 8 11 15 37 0 
Costo route:65334.5442217695
Route:7
0 102 123 114 77 61 118 131 96 6 27 38 2 31 42 19 25 0 
Costo route:75261.36003128263
Route:8
0 52 145 137 86 85 68 53 88 122 23 21 40 9 29 45 16 46 30 1 14 0 
Costo route:93288.76235338335
Route:9
0 128 66 98 67 93 150 113 144 64 149 117 130 75 24 10 20 50 36 13 35 49 47 3 5 22 34 0 
Costo route:124372.43572028397

Numero di route: 10
Costo totale:638205.0560775264
Errore relativo: 0.5638409513270647
Tempo di esecuzione: 0.08381152153015137
