Soluzione del problema J1
Route:0
0 56 80 50 24 31 0 
Costo route:15240.51170262173
Route:1
0 73 88 29 43 20 58 51 0 
Costo route:28845.18029743734
Route:2
0 23 49 70 81 40 59 63 0 
Costo route:35233.57250750548
Route:3
0 84 46 30 87 90 77 78 0 
Costo route:37139.78503825052
Route:4
0 26 21 55 86 54 37 22 57 0 
Costo route:40430.52578325975
Route:5
0 45 68 27 85 69 60 48 32 39 0 
Costo route:50429.73235244228
Route:6
0 44 82 33 62 36 35 67 89 66 79 0 
Costo route:56320.370352957914
Route:7
0 92 83 71 47 65 41 28 1 15 17 12 2 19 5 3 6 0 
Costo route:102152.27253262345
Route:8
0 76 25 34 72 61 64 38 9 10 7 11 13 4 8 18 0 
Costo route:87215.16535045694
Route:9
0 91 75 94 93 53 14 16 0 
Costo route:36268.494992995475

Numero di route: 10
Numero di mezzi: 10
Costo totale:489275.61091055087
Errore relativo: 0.46049805349919365
Tempo di esecuzione: 1.256972312927246
