Soluzione del problema G3
Route:0
0 46 57 37 29 14 39 23 42 0 
Costo route:37739.49667219558
Route:1
0 19 43 52 18 34 25 41 56 16 54 0 
Costo route:38818.49489829183
Route:2
0 38 33 22 48 27 28 17 35 0 
Costo route:58823.37688785046
Route:3
0 44 49 47 50 15 20 13 32 8 0 
Costo route:49737.41100941982
Route:4
0 26 51 24 55 31 45 21 36 30 9 2 11 7 4 6 5 10 3 1 12 0 
Costo route:153492.02482748532

Numero di route: 5
Costo totale:338610.804295243
Errore relativo: 0.4753833403566906
Tempo di esecuzione: 0.01396322250366211
