Soluzione del problema L4
Route:0
0 138 108 110 139 76 141 127 112 142 71 61 45 39 9 20 30 64 3 72 0 
Costo route:76970.02223130604
Route:1
0 122 91 82 123 133 137 88 124 99 104 150 130 37 41 8 68 10 60 1 17 2 65 48 69 62 0 
Costo route:104677.33427684658
Route:2
0 125 128 100 92 126 101 115 111 67 25 49 57 16 26 6 4 34 27 36 74 0 
Costo route:86198.12706067257
Route:3
0 84 149 143 136 80 94 140 96 95 98 90 77 118 23 5 29 58 0 
Costo route:53495.16397509969
Route:4
0 148 114 22 59 13 63 7 66 31 18 19 32 35 53 15 0 
Costo route:74562.70070885532
Route:5
0 93 87 89 103 135 106 134 120 116 144 78 147 131 132 38 55 50 21 40 75 47 28 14 46 73 52 44 0 
Costo route:125355.86427224556
Route:6
0 81 113 107 83 121 102 86 79 146 119 11 33 24 12 54 43 51 70 42 56 0 
Costo route:116633.76008887796

Numero di route: 7
Numero di mezzi: 7
Costo totale:637892.9726139037
Errore relativo: 0.6584328367960973
Tempo di esecuzione: 1.485954999923706
