Soluzione del problema M3
Route:0
0 76 119 110 86 30 117 52 36 39 0 
Costo route:23953.53635184997
Route:1
0 66 85 82 83 26 0 
Costo route:24228.366951487937
Route:2
0 63 48 122 99 59 74 107 109 92 60 104 64 28 0 
Costo route:47862.92253735362
Route:3
0 40 90 102 125 51 106 75 49 34 91 116 100 118 115 0 
Costo route:49050.318891675815
Route:4
0 37 65 50 42 32 79 56 103 46 112 111 95 120 0 
Costo route:57149.72582723977
Route:5
0 69 55 88 94 98 41 29 73 93 105 38 0 
Costo route:67137.91479490549
Route:6
0 35 89 97 81 62 67 45 87 72 84 21 16 20 3 10 24 13 9 0 
Costo route:71686.5651431827
Route:7
0 124 113 80 114 31 44 43 68 53 121 33 4 6 12 7 5 22 17 8 0 
Costo route:103198.08105007613
Route:8
0 96 61 123 58 57 108 77 54 47 70 71 14 19 25 2 23 1 15 18 11 0 
Costo route:116602.25722450158

Numero di route: 9
Numero di mezzi: 9
Costo totale:560869.688772273
Errore relativo: 0.4928817149298183
Tempo di esecuzione: 0.06183505058288574
