Soluzione del problema K1
Route:0
0 77 75 60 43 44 85 70 46 0 
Costo route:33178.80980751139
Route:1
0 105 82 49 93 62 73 86 0 
Costo route:34574.49030919115
Route:2
0 54 88 95 39 79 106 68 0 
Costo route:44164.47758442981
Route:3
0 76 69 110 94 81 48 45 64 0 
Costo route:46650.48180303724
Route:4
0 98 40 51 111 67 57 112 72 0 
Costo route:61510.675779199984
Route:5
0 53 61 92 90 66 89 97 34 38 35 19 28 16 0 
Costo route:63000.3748269543
Route:6
0 100 80 58 102 71 52 109 4 12 29 1 32 15 9 17 36 0 
Costo route:113311.87342427988
Route:7
0 50 108 103 83 113 78 8 18 22 24 27 20 25 21 13 26 0 
Costo route:75077.16271388777
Route:8
0 42 87 41 96 107 33 2 30 14 23 0 
Costo route:63584.62999803201
Route:9
0 99 63 104 55 84 59 74 10 11 37 7 31 6 3 5 0 
Costo route:78900.39449934504

Numero di route: 10
Costo totale:613953.3707458684
Errore relativo: 0.5579765340404862
Tempo di esecuzione: 0.05585002899169922
