Soluzione del problema I1
Route:0
0 78 54 79 88 35 3 33 7 9 0 
Costo route:48564.19816296988
Route:1
0 66 65 68 60 47 23 5 21 28 18 0 
Costo route:46252.086541338176
Route:2
0 82 48 46 34 1 20 36 30 6 0 
Costo route:40292.74422425745
Route:3
0 55 84 67 83 77 22 12 13 44 27 0 
Costo route:54625.99218430756
Route:4
0 81 85 71 70 4 25 39 41 0 
Costo route:59633.7874646248
Route:5
0 63 57 59 73 90 86 15 2 29 10 19 0 
Costo route:81489.12895736215
Route:6
0 51 72 56 49 89 31 16 40 37 43 0 
Costo route:53266.014469352085
Route:7
0 75 61 52 74 69 42 8 26 38 0 
Costo route:63628.2733135866

Numero di route: 8
Numero di mezzi: 10
Costo totale:447752.2253177987
Errore relativo: 0.2783935443025721
Tempo di esecuzione: 0.3588228225708008
