Soluzione del problema G6
Route:0
0 19 57 43 52 18 34 25 41 56 16 54 0 
Costo route:45677.09371101446
Route:1
0 26 51 24 55 31 45 21 36 30 40 0 
Costo route:61423.03434838902
Route:2
0 38 33 22 48 27 28 17 35 46 0 
Costo route:61759.35496235632
Route:3
0 44 49 47 50 15 20 13 32 37 29 14 39 23 42 8 9 2 11 7 4 6 5 10 3 1 12 0 
Costo route:172554.48842106003

Numero di route: 4
Numero di mezzi: 4
Costo totale:341413.9714428198
Errore relativo: 0.5994508094970875
Tempo di esecuzione: 0.00498652458190918
