Soluzione del problema M4
Route:0
0 119 110 86 30 117 52 36 39 85 76 0 
Costo route:32997.05536162161
Route:1
0 109 124 113 80 114 31 44 43 68 53 121 33 27 92 60 0 
Costo route:62700.21783335984
Route:2
0 48 90 102 106 51 125 118 115 63 40 74 99 59 107 28 104 64 122 0 
Costo route:65032.37329743295
Route:3
0 66 37 65 50 42 32 79 56 103 46 112 111 95 82 83 26 120 0 
Costo route:66481.18436168315
Route:4
0 67 45 75 69 55 88 94 98 41 29 73 93 105 38 0 
Costo route:79603.52149732065
Route:5
0 101 84 72 87 62 97 81 89 21 16 20 3 10 24 13 9 8 0 
Costo route:68458.09148845878
Route:6
0 91 96 61 123 58 57 108 77 54 47 70 71 78 100 49 34 11 4 6 12 7 5 22 17 14 19 25 2 23 1 15 18 0 
Costo route:195695.0123513384

Numero di route: 7
Costo totale:570967.4561912154
Errore relativo: 0.6400512902602845
Tempo di esecuzione: 0.06778120994567871
