Soluzione del problema J4
Route:0
0 23 49 78 77 63 84 46 30 87 90 70 0 
Costo route:45851.15688704074
Route:1
0 34 72 61 64 38 42 45 25 76 43 20 29 0 
Costo route:47258.197397698976
Route:2
0 53 88 58 68 27 85 69 60 48 32 39 51 0 
Costo route:54904.328988668494
Route:3
0 56 92 83 71 47 65 41 28 52 73 31 0 
Costo route:59859.36121656936
Route:4
0 55 86 54 37 22 57 81 40 59 91 75 0 
Costo route:61008.23622889948
Route:5
0 50 21 80 26 16 1 15 17 12 2 19 5 3 6 0 
Costo route:78082.03685920635
Route:6
0 44 82 33 62 36 35 67 89 66 79 94 93 14 9 10 7 11 13 4 8 18 0 
Costo route:132886.95936612677

Numero di route: 7
Costo totale:479850.27694421017
Errore relativo: 0.6182019436090087
Tempo di esecuzione: 0.03490591049194336
