Soluzione del problema J3
Route:0
0 79 53 93 94 73 74 56 0 
Costo route:27343.40975277932
Route:1
0 31 52 92 83 71 47 65 0 
Costo route:35927.15690386651
Route:2
0 88 34 72 61 64 38 42 45 25 76 43 20 29 41 58 0 
Costo route:63517.409475276436
Route:3
0 68 27 85 69 60 48 32 39 51 44 82 33 62 36 35 67 89 66 0 
Costo route:93258.94159359942
Route:4
0 80 28 23 78 77 63 84 46 30 87 90 70 16 1 15 17 12 2 19 5 3 6 0 
Costo route:102796.14365201857
Route:5
0 55 86 54 37 22 57 81 40 59 91 75 21 49 50 14 9 10 7 11 13 4 8 18 0 
Costo route:135614.13998543116

Numero di route: 6
Numero di mezzi: 6
Costo totale:458457.2013629714
Errore relativo: 0.6419269511135395
Tempo di esecuzione: 0.023936033248901367
