Soluzione del problema L2
Route:0
0 93 87 89 103 135 106 134 120 116 144 78 71 61 45 39 9 20 30 64 3 0 
Costo route:113255.46044674801
Route:1
0 148 113 107 83 121 25 49 57 26 52 16 6 4 15 34 67 0 
Costo route:78139.18102251888
Route:2
0 125 128 100 92 126 101 44 38 55 50 21 40 75 47 28 14 46 73 0 
Costo route:91068.05058321392
Route:3
0 91 82 123 133 137 88 124 99 104 150 8 33 24 12 54 43 51 70 42 0 
Costo route:69749.96742180026
Route:4
0 84 118 96 95 98 90 77 105 140 23 11 56 0 
Costo route:55008.21051066002
Route:5
0 115 97 81 102 86 79 146 119 117 5 27 74 22 53 36 41 29 58 72 0 
Costo route:82058.4232962345
Route:6
0 109 145 112 127 141 110 142 143 136 37 68 10 60 1 17 2 65 48 69 62 0 
Costo route:89538.94176277438
Route:7
0 149 108 122 138 139 76 147 131 59 13 63 7 66 31 18 19 32 35 0 
Costo route:89481.4297609455

Numero di route: 8
Costo totale:668299.6648048955
Errore relativo: 0.6656356605343982
Tempo di esecuzione: 0.05884146690368652
