Soluzione del problema I2
Route:0
0 51 84 67 83 77 53 4 3 35 34 6 19 45 0 
Costo route:79591.24971120952
Route:1
0 63 57 59 73 90 86 76 48 1 20 36 30 33 7 9 0 
Costo route:91238.56982353136
Route:2
0 71 82 50 46 81 27 18 23 11 14 0 
Costo route:55948.71813366035
Route:3
0 72 56 49 89 87 70 41 39 15 2 29 10 17 0 
Costo route:87121.2867694481
Route:4
0 88 66 65 68 60 47 64 79 54 5 21 31 40 37 43 32 0 
Costo route:71198.58682243637
Route:5
0 75 61 52 74 69 42 8 26 38 28 24 0 
Costo route:66111.64562553413

Numero di route: 6
Numero di mezzi: 7
Costo totale:451210.0568858198
Errore relativo: 0.4557792920199127
Tempo di esecuzione: 0.34014153480529785
