Soluzione del problema I5
Route:0
0 85 67 51 83 77 53 72 56 49 89 87 11 24 32 14 17 25 27 0 
Costo route:93630.458964942
Route:1
0 50 80 48 82 79 54 78 84 45 4 6 19 41 39 15 2 29 10 0 
Costo route:114695.14738810039
Route:2
0 88 66 65 68 60 47 75 61 52 74 69 58 42 8 26 38 28 5 21 23 18 0 
Costo route:97138.40535630226
Route:3
0 71 46 70 62 63 57 59 73 90 86 34 35 3 1 20 36 30 33 7 9 0 
Costo route:121494.54589383498

Numero di route: 4
Numero di mezzi: 7
Costo totale:426958.5576031796
Errore relativo: 0.41735568658188127
Tempo di esecuzione: 0.031914710998535156
