Soluzione del problema H4
Route:0
0 58 26 38 46 52 36 50 34 56 67 25 62 0 
Costo route:62052.53887514933
Route:1
0 68 53 63 42 66 54 29 41 32 43 30 45 17 10 5 21 11 23 0 
Costo route:109347.44620824227
Route:2
0 33 49 28 44 48 40 31 55 37 65 59 8 3 22 16 12 1 19 15 0 
Costo route:96524.23893030144
Route:3
0 51 35 57 24 39 27 64 4 2 20 6 7 9 14 13 18 0 
Costo route:96299.6427371585

Numero di route: 4
Numero di mezzi: 5
Costo totale:364223.86675085156
Errore relativo: 0.4556087089047345
Tempo di esecuzione: 0.14853334426879883
