Soluzione del problema I4
Route:0
0 69 51 71 70 49 56 87 89 72 62 40 37 22 12 13 44 43 16 31 0 
Costo route:127404.15255304129
Route:1
0 75 50 81 67 85 84 55 78 17 35 7 36 1 3 23 18 32 0 
Costo route:117400.60685551635
Route:2
0 82 80 46 48 63 76 90 86 57 59 73 4 24 27 25 14 11 0 
Costo route:106161.01979244995
Route:3
0 83 61 74 66 60 88 68 65 47 58 52 77 19 10 29 34 45 2 15 39 41 6 30 0 
Costo route:184342.6269496825

Numero di route: 4
Numero di mezzi: 6
Costo totale:535308.40615069
Errore relativo: 0.808547664603599
Tempo di esecuzione: 0.1858081817626953
