Soluzione del problema J3
Route:0
0 47 65 84 87 30 83 92 46 63 77 78 28 71 41 0 
Costo route:80460.56278548125
Route:1
0 20 43 76 25 34 51 35 36 66 89 44 79 85 58 45 42 0 
Costo route:80523.62476470956
Route:2
0 70 90 81 22 37 54 57 91 94 75 86 55 59 40 0 
Costo route:89735.39852880427
Route:3
0 24 72 61 64 69 48 68 82 67 93 62 33 27 32 39 60 38 0 
Costo route:110060.20024689948
Route:4
0 16 17 0 
Costo route:14940.4119369242
Route:5
0 74 52 26 49 53 29 73 88 21 23 80 50 14 18 11 15 12 5 3 2 19 6 7 10 9 8 4 13 1 0 
Costo route:221200.61862902105

Numero di route: 6
Numero di mezzi: 6
Costo totale:596920.8168918397
Errore relativo: 1.1378230596479457
Tempo di esecuzione: 0.6283602714538574
