Soluzione del problema N4
Route:0
0 87 57 105 62 0 
Costo route:11271.481137100698
Route:1
0 140 110 128 52 141 122 145 106 143 127 60 0 
Costo route:63488.03926213783
Route:2
0 123 77 109 111 135 80 108 118 131 114 0 
Costo route:65944.21739618975
Route:3
0 115 101 138 132 84 89 139 124 125 94 61 0 
Costo route:76903.01719854625
Route:4
0 99 97 66 98 67 93 113 149 144 150 64 117 130 75 120 136 126 0 
Costo route:91416.26446327897
Route:5
0 116 129 51 74 56 73 103 76 142 65 24 4 19 18 25 15 11 9 16 46 45 37 8 26 6 3 0 
Costo route:171964.11710480496
Route:6
0 88 53 68 71 121 148 112 85 86 137 21 14 5 47 35 20 50 36 13 49 22 30 1 40 29 0 
Costo route:149229.48344107438
Route:7
0 55 83 54 102 72 104 119 78 96 59 23 32 10 12 44 34 41 0 
Costo route:103437.83433572398
Route:8
0 92 134 95 100 63 70 146 147 58 79 91 69 133 42 17 39 43 48 33 28 31 2 38 27 7 0 
Costo route:103005.96229789758

Numero di route: 9
Costo totale:836660.4166367544
Errore relativo: 1.1192650653939695
Tempo di esecuzione: 2.4554338455200195
