Soluzione del problema K4
Route:0
0 75 96 0 
Costo route:18375.19548626037
Route:1
0 93 74 60 44 85 101 107 46 43 49 62 0 
Costo route:49365.11212458625
Route:2
0 70 98 40 51 111 72 57 100 80 113 58 102 67 112 0 
Costo route:110820.4626389533
Route:3
0 50 59 69 81 94 110 48 76 55 84 104 63 32 14 16 23 26 20 22 36 4 13 34 15 0 
Costo route:165388.50857928125
Route:4
0 42 61 87 73 86 88 105 82 54 53 41 33 0 
Costo route:47238.07520161602
Route:5
0 45 68 106 39 79 92 91 108 103 90 95 64 10 31 2 28 38 19 35 30 7 11 3 24 0 
Costo route:186699.11621309814
Route:6
0 56 66 83 78 47 52 109 71 97 21 8 27 17 12 5 6 37 29 1 9 18 25 0 
Costo route:166839.62546267893

Numero di route: 7
Costo totale:744726.0957064743
Errore relativo: 1.1341914191330398
Tempo di esecuzione: 0.664222240447998
