Soluzione del problema L2
Route:0
0 84 23 25 0 
Costo route:17991.06695006489
Route:1
0 91 113 97 148 83 107 82 123 133 130 94 59 31 7 6 72 66 49 19 32 35 44 0 
Costo route:164069.74810420454
Route:2
0 117 141 127 142 112 110 101 15 63 47 28 14 40 75 46 73 21 18 13 0 
Costo route:140045.3205999905
Route:3
0 111 139 125 132 144 145 78 131 76 16 52 34 36 67 22 4 57 38 26 0 
Costo route:115575.18625705753
Route:4
0 108 85 114 105 140 121 115 138 118 27 29 58 3 11 61 64 45 56 5 0 
Costo route:116507.92489809784
Route:5
0 98 95 99 88 150 137 124 104 96 90 77 51 9 20 39 50 71 55 30 24 0 
Costo route:140894.97603074482
Route:6
0 120 100 79 86 146 102 92 41 37 8 42 33 12 54 70 69 53 0 
Costo route:96919.40175249471
Route:7
0 147 134 106 93 80 109 149 143 87 89 103 116 43 62 68 10 74 60 1 17 2 65 48 0 
Costo route:174358.87358514682

Numero di route: 8
Numero di mezzi: 8
Costo totale:966362.4981778017
Errore relativo: 1.408512113256806
Tempo di esecuzione: 1.3374242782592773
