Soluzione del problema H6
Route:0
0 61 0 
Costo route:4743.027303315889
Route:1
0 47 53 63 42 66 54 45 30 32 43 68 29 41 60 65 36 0 
Costo route:141419.09853281538
Route:2
0 51 28 33 25 35 64 27 39 24 44 57 48 13 15 3 22 16 12 1 19 18 0 
Costo route:125281.81857573637
Route:3
0 31 40 55 37 52 38 58 56 34 67 50 26 62 46 7 6 20 17 10 5 21 11 23 2 4 9 14 8 0 
Costo route:185042.5589956418

Numero di route: 4
Numero di mezzi: 5
Costo totale:456486.5034075094
Errore relativo: 0.8322857222289498
Tempo di esecuzione: 0.08178043365478516
