Soluzione del problema K1
Route:0
0 54 75 96 77 73 86 0 
Costo route:43089.80356636625
Route:1
0 65 69 81 94 110 48 76 55 0 
Costo route:45003.53166497748
Route:2
0 89 97 91 108 103 56 79 92 0 
Costo route:55566.20883051031
Route:3
0 45 68 95 106 39 64 63 0 
Costo route:59177.73751790687
Route:4
0 42 59 43 44 107 60 84 104 0 
Costo route:64299.14295186189
Route:5
0 49 62 88 105 82 93 29 3 6 7 10 37 11 5 0 
Costo route:68328.3971584752
Route:6
0 99 85 70 40 51 111 112 101 12 15 33 1 32 0 
Costo route:102908.81918595743
Route:7
0 66 83 78 47 52 109 21 31 2 28 38 19 35 30 0 
Costo route:119834.71172600912
Route:8
0 72 57 100 80 113 58 102 67 98 26 22 25 18 24 36 27 8 20 13 0 
Costo route:146607.13347116247
Route:9
0 87 53 61 90 9 23 16 34 14 4 17 0 
Costo route:91675.95372991698

Numero di route: 10
Numero di mezzi: 10
Costo totale:796491.4398031438
Errore relativo: 1.0211876535018913
Tempo di esecuzione: 0.9219367504119873
