Soluzione del problema M3
Route:0
0 101 26 35 39 110 89 84 63 76 66 0 
Costo route:52836.9823346137
Route:1
0 75 45 117 52 119 36 67 62 55 106 51 0 
Costo route:53518.92880316726
Route:2
0 95 30 97 100 115 90 102 81 87 86 0 
Costo route:63291.48751701992
Route:3
0 91 71 99 60 27 109 74 122 28 92 107 59 78 118 0 
Costo route:69552.45481062429
Route:4
0 48 103 37 65 42 32 79 120 56 46 112 111 83 82 0 
Costo route:79307.63228711697
Route:5
0 88 94 98 41 73 93 105 69 125 29 38 72 70 50 0 
Costo route:115286.07022569996
Route:6
0 40 17 22 21 16 20 3 10 24 13 9 5 7 0 
Costo route:97092.5193790653
Route:7
0 104 34 54 47 58 123 57 77 108 96 61 49 11 6 4 15 14 19 25 2 23 1 18 12 0 
Costo route:197000.63970962403
Route:8
0 113 33 68 43 53 124 44 121 31 114 80 8 0 
Costo route:74080.97689154255

Numero di route: 9
Numero di mezzi: 9
Costo totale:801967.691958474
Errore relativo: 1.1346186596569408
Tempo di esecuzione: 2.3372066020965576
