Soluzione del problema J4
Route:0
0 63 90 87 30 83 92 46 84 40 77 0 
Costo route:64958.24192584
Route:1
0 65 47 72 29 73 88 42 25 43 41 71 26 0 
Costo route:67109.04939919134
Route:2
0 81 22 37 54 57 91 94 75 86 55 59 70 0 
Costo route:78331.53902430534
Route:3
0 64 69 48 68 82 67 93 62 33 27 32 39 60 76 0 
Costo route:88478.62520548554
Route:4
0 61 34 51 35 36 66 89 44 79 85 58 45 38 24 0 
Costo route:98499.13689716687
Route:5
0 20 1 18 11 15 12 5 3 2 19 6 7 10 9 8 0 
Costo route:158547.36540600867
Route:6
0 56 74 21 28 23 49 80 78 52 50 4 16 17 14 13 0 
Costo route:96352.03185632959

Numero di route: 7
Costo totale:652275.9897143273
Errore relativo: 1.199674200558883
Tempo di esecuzione: 0.825791597366333
