Soluzione del problema K2
Route:0
0 41 61 87 53 73 0 
Costo route:24143.659395383263
Route:1
0 49 65 74 43 44 101 107 85 60 99 0 
Costo route:43701.61560780954
Route:2
0 106 79 56 66 91 108 103 97 89 95 0 
Costo route:66815.97716201741
Route:3
0 77 63 88 39 64 105 68 45 62 0 
Costo route:67643.9603675179
Route:4
0 46 51 83 78 47 52 109 71 15 26 4 13 20 8 27 36 18 25 22 32 0 
Costo route:169597.1477049152
Route:5
0 42 92 86 82 75 96 93 54 23 16 34 14 33 0 
Costo route:82815.00207650938
Route:6
0 59 69 81 94 110 48 76 55 84 31 2 28 38 19 35 30 7 3 21 0 
Costo route:145207.90004417155
Route:7
0 50 70 98 111 72 57 100 80 113 58 102 67 24 17 12 5 6 10 37 11 29 1 9 0 
Costo route:162421.7993937128

Numero di route: 8
Numero di mezzi: 8
Costo totale:762347.0617520369
Errore relativo: 1.105175107701756
Tempo di esecuzione: 0.9564416408538818
