Soluzione del problema N2
Route:0
0 87 62 57 105 81 104 0 
Costo route:25925.1208151211
Route:1
0 78 123 59 111 135 54 131 114 0 
Costo route:56902.829910770706
Route:2
0 133 95 100 63 70 146 99 147 58 79 91 69 0 
Costo route:60601.16107005952
Route:3
0 102 118 109 52 125 141 80 108 61 0 
Costo route:64142.39895398767
Route:4
0 77 94 138 137 122 145 106 90 101 115 0 
Costo route:69663.26660070449
Route:5
0 88 53 68 71 121 148 112 85 45 14 5 47 35 20 50 36 13 49 22 30 1 0 
Costo route:121476.22884774535
Route:6
0 55 107 127 139 140 110 124 84 132 89 42 17 39 43 48 33 28 31 2 38 0 
Costo route:98902.38049178742
Route:7
0 83 92 60 119 73 56 74 72 51 19 18 25 15 11 37 16 29 9 40 46 21 8 0 
Costo route:145419.24495874107
Route:8
0 103 76 129 116 136 143 126 82 142 6 41 0 
Costo route:61321.33342930674
Route:9
0 97 66 98 67 93 113 149 144 150 64 117 130 75 120 23 32 24 10 7 44 4 3 27 12 34 26 0 
Costo route:159078.66099849937

Numero di route: 10
Numero di mezzi: 10
Costo totale:863432.6260767233
Errore relativo: 1.115914156231402
Tempo di esecuzione: 2.863046884536743
