Soluzione del problema F3
Route:0
0 46 31 47 56 19 25 4 30 12 15 17 10 0 
Costo route:103671.71461745858
Route:1
0 45 43 59 54 32 49 60 13 1 20 14 6 9 0 
Costo route:102552.44494446403
Route:2
0 53 48 41 57 42 51 38 37 27 3 24 2 29 21 18 7 26 0 
Costo route:138741.4610730246
Route:3
0 34 40 36 39 44 58 35 8 16 22 23 28 11 5 0 
Costo route:135145.41959387765

Numero di route: 4
Numero di mezzi: 5
Costo totale:480111.04022882483
Errore relativo: 0.9911705384407135
Tempo di esecuzione: 0.06383013725280762
