Soluzione del problema L1
Route:0
0 91 77 136 143 149 80 118 94 140 42 11 61 64 45 56 37 41 0 
Costo route:90159.33854724198
Route:1
0 128 141 127 142 112 110 16 52 57 35 53 67 22 34 15 49 0 
Costo route:103521.6152211176
Route:2
0 109 98 95 99 88 150 137 124 104 96 9 20 39 50 71 55 30 24 0 
Costo route:122539.54498028418
Route:3
0 123 113 97 148 83 107 82 133 62 68 10 74 60 1 17 2 65 44 0 
Costo route:125250.6479341091
Route:4
0 85 23 38 0 
Costo route:33731.515745764635
Route:5
0 117 92 79 86 146 102 119 59 13 6 72 66 7 31 19 32 0 
Costo route:104268.49602002915
Route:6
0 125 114 122 108 138 84 121 115 3 4 36 5 58 29 27 25 26 0 
Costo route:118455.94113521752
Route:7
0 132 78 144 103 87 145 89 131 76 63 47 28 14 40 75 46 73 21 18 0 
Costo route:118691.93585462304
Route:8
0 135 116 147 106 134 120 100 126 8 69 43 70 51 54 12 33 48 0 
Costo route:96724.03871811013

Numero di route: 9
Numero di mezzi: 10
Costo totale:913343.0741564974
Errore relativo: 1.1855750573264576
Tempo di esecuzione: 1.5408427715301514
