Soluzione del problema L5
Route:0
0 121 91 113 97 148 83 107 82 123 133 130 36 15 34 53 35 32 19 49 6 72 31 59 22 3 0 
Costo route:157207.44293118443
Route:1
0 125 141 142 112 144 145 78 110 127 139 44 66 7 63 47 28 14 40 75 46 73 21 18 13 0 
Costo route:134209.071209809
Route:2
0 85 117 129 122 105 84 108 138 118 101 81 23 0 
Costo route:85063.55087194011
Route:3
0 135 116 89 87 109 149 80 93 106 134 120 100 147 29 41 56 42 58 33 11 37 27 5 0 
Costo route:167314.34188930225
Route:4
0 132 128 92 79 86 146 102 126 131 8 61 26 38 57 25 67 4 52 16 45 64 0 
Costo route:156169.2324563485
Route:5
0 143 94 140 98 95 99 88 150 137 124 104 96 90 77 136 54 51 9 20 39 50 71 55 30 24 70 0 
Costo route:163477.88956137458

Numero di route: 6
Numero di mezzi: 8
Costo totale:863441.5289199587
Errore relativo: 1.227862497697054
Tempo di esecuzione: 1.184833288192749
