Soluzione del problema I2
Route:0
0 80 48 63 76 90 86 57 59 1 33 28 38 7 0 
Costo route:111071.92403184903
Route:1
0 70 49 56 87 89 72 62 18 14 31 11 0 
Costo route:67523.53744610399
Route:2
0 71 84 67 77 51 85 53 27 30 36 39 41 4 20 9 0 
Costo route:130653.44846245123
Route:3
0 52 58 66 60 88 68 69 74 61 22 12 13 44 43 40 0 
Costo route:99625.78899505913
Route:4
0 55 54 17 32 21 23 3 35 5 24 0 
Costo route:54313.8883406709
Route:5
0 47 64 78 46 50 82 25 37 26 42 8 16 6 0 
Costo route:124811.10181377106

Numero di route: 6
Numero di mezzi: 7
Costo totale:587999.6890899054
Errore relativo: 0.8971158954195124
Tempo di esecuzione: 0.28224992752075195
