Soluzione del problema M2
Route:0
0 85 35 101 89 84 76 66 0 
Costo route:37731.31385307343
Route:1
0 30 81 87 88 106 97 62 39 0 
Costo route:39930.128439371016
Route:2
0 55 67 86 119 110 117 45 94 0 
Costo route:47452.74779910005
Route:3
0 63 40 64 92 109 27 60 107 59 99 51 0 
Costo route:54069.74992130787
Route:4
0 54 47 58 123 57 77 108 96 61 70 0 
Costo route:65327.37095438497
Route:5
0 52 26 95 111 32 42 120 56 65 37 36 0 
Costo route:78535.72799207793
Route:6
0 43 53 113 74 122 28 80 44 33 104 0 
Costo route:82734.30163031728
Route:7
0 46 112 31 68 121 83 103 79 22 21 16 20 3 10 24 13 9 5 0 
Costo route:125413.2975698128
Route:8
0 124 50 72 98 41 73 93 105 69 125 29 38 7 6 17 12 8 0 
Costo route:149944.73668834355
Route:9
0 48 75 91 71 100 49 118 34 116 78 90 115 11 4 15 14 19 25 2 23 1 18 0 
Costo route:145465.62213869405

Numero di route: 10
Numero di mezzi: 10
Costo totale:826604.996986483
Errore relativo: 1.0825638533660262
Tempo di esecuzione: 2.1532838344573975
