Soluzione del problema J2
Route:0
0 71 49 23 28 78 63 59 81 77 65 0 
Costo route:56061.064928944965
Route:1
0 38 45 88 34 61 72 42 25 43 29 0 
Costo route:56121.30924327354
Route:2
0 24 90 87 30 83 92 46 84 40 0 
Costo route:62320.264715400546
Route:3
0 47 20 53 50 80 21 73 41 0 
Costo route:64166.407404901765
Route:4
0 22 37 54 57 91 94 75 86 55 70 0 
Costo route:75026.23369218851
Route:5
0 64 51 35 36 66 89 44 79 85 58 60 76 0 
Costo route:80993.87084805855
Route:6
0 26 69 48 68 82 67 93 62 33 27 32 11 15 12 5 3 2 19 6 7 10 9 18 1 0 
Costo route:205580.00454504616
Route:7
0 52 56 74 14 13 8 17 4 16 0 
Costo route:72484.29281725702

Numero di route: 8
Numero di mezzi: 8
Costo totale:672753.4481950711
Errore relativo: 1.167257103171125
Tempo di esecuzione: 1.0452091693878174
