Soluzione del problema H2
Route:0
0 37 38 46 52 58 56 34 67 50 26 36 0 
Costo route:69815.97289936748
Route:1
0 35 42 66 54 45 30 32 43 68 29 41 0 
Costo route:81588.13750039876
Route:2
0 40 57 44 24 39 62 27 64 25 15 4 18 0 
Costo route:83829.44973132998
Route:3
0 31 55 14 8 3 22 16 12 1 19 9 13 0 
Costo route:79229.64516025277
Route:4
0 60 49 47 65 59 53 63 28 51 6 20 17 10 5 21 11 23 2 7 0 
Costo route:155900.6719543975

Numero di route: 5
Numero di mezzi: 5
Costo totale:470363.87724574644
Errore relativo: 0.8564674570116095
Tempo di esecuzione: 0.09673810005187988
