Soluzione del problema J1
Route:0
0 71 77 23 80 78 28 65 0 
Costo route:35715.2957200873
Route:1
0 26 34 76 42 45 43 20 29 41 0 
Costo route:43771.5401323443
Route:2
0 49 70 55 59 40 84 81 22 0 
Costo route:55994.689881601706
Route:3
0 24 90 87 30 83 92 46 63 0 
Costo route:57618.681873090194
Route:4
0 25 72 61 64 69 88 60 38 0 
Costo route:58829.452307842934
Route:5
0 37 54 57 91 94 75 86 0 
Costo route:67288.30563237851
Route:6
0 48 68 82 67 93 62 33 27 32 36 0 
Costo route:92622.2695070593
Route:7
0 50 47 73 53 74 58 1 9 13 4 8 18 17 0 
Costo route:106063.68126457957
Route:8
0 51 35 66 89 44 79 85 11 15 12 5 3 2 19 6 7 10 0 
Costo route:152950.097208033
Route:9
0 21 31 14 16 0 
Costo route:31066.893018255996

Numero di route: 10
Numero di mezzi: 10
Costo totale:701920.9065452728
Errore relativo: 1.0952487613513573
Tempo di esecuzione: 1.100391149520874
