Soluzione del problema H3
Route:0
0 51 61 64 28 33 0 
Costo route:20533.176546414892
Route:1
0 35 25 44 48 49 31 65 40 62 39 27 24 57 0 
Costo route:81242.88471854688
Route:2
0 47 38 46 52 58 56 34 67 50 26 36 59 15 18 13 8 3 22 16 12 1 19 14 0 
Costo route:148734.2362211769
Route:3
0 53 63 42 66 54 45 30 32 43 68 29 41 60 7 6 20 17 10 5 21 11 23 2 4 9 0 
Costo route:195365.3969146362

Numero di route: 4
Numero di mezzi: 4
Costo totale:445875.69440077484
Errore relativo: 0.801889255566904
Tempo di esecuzione: 0.11106991767883301
