Soluzione del problema G5
Route:0
0 43 16 40 35 48 27 26 19 46 0 
Costo route:63213.58449762605
Route:1
0 51 17 36 45 31 25 56 18 55 21 30 28 0 
Costo route:114131.64695374701
Route:2
0 33 22 37 39 14 53 54 32 42 23 29 38 24 0 
Costo route:118055.62442774736
Route:3
0 41 34 20 13 44 15 47 50 57 49 11 7 4 6 5 3 1 12 10 9 2 8 0 
Costo route:170790.43925940187

Numero di route: 4
Numero di mezzi: 5
Costo totale:466191.2951385223
Errore relativo: 1.1025179052835534
Tempo di esecuzione: 0.09372735023498535
