Soluzione del problema I1
Route:0
0 78 52 67 84 26 42 8 5 21 24 0 
Costo route:73054.1044283101
Route:1
0 47 32 33 28 38 0 
Costo route:53145.13731855572
Route:2
0 70 49 56 87 89 10 22 12 13 44 0 
Costo route:76039.97272204117
Route:3
0 81 83 51 85 53 40 37 43 16 31 0 
Costo route:73999.77172515035
Route:4
0 46 80 82 7 6 39 1 35 0 
Costo route:64044.316376002076
Route:5
0 63 76 90 86 57 59 73 14 18 23 11 0 
Costo route:80100.58297614804
Route:6
0 58 66 60 88 68 69 74 61 4 17 27 25 3 0 
Costo route:117824.76421514546
Route:7
0 50 55 62 71 9 29 34 45 2 0 
Costo route:94406.74263560747

Numero di route: 8
Numero di mezzi: 10
Costo totale:632615.3923969604
Errore relativo: 0.8062030469925721
Tempo di esecuzione: 0.29432058334350586
