Soluzione del problema M4
Route:0
0 101 66 39 110 30 84 102 71 115 90 63 35 86 0 
Costo route:60180.80181860327
Route:1
0 89 103 37 65 42 32 79 120 56 46 112 111 83 26 95 82 52 0 
Costo route:98227.83108686045
Route:2
0 100 49 57 108 77 104 74 122 28 54 47 96 61 70 34 116 78 0 
Costo route:101708.60116640425
Route:3
0 50 60 27 113 33 68 43 53 124 44 121 31 114 80 64 109 92 0 
Costo route:107816.47807348153
Route:4
0 123 55 88 94 98 41 73 93 105 69 125 29 38 58 91 72 0 
Costo route:107962.23906142573
Route:5
0 118 51 106 81 62 67 36 119 117 45 87 97 75 11 21 16 20 3 24 13 9 8 0 
Costo route:105227.4098431543
Route:6
0 76 59 107 40 48 22 17 7 6 4 15 14 19 25 2 23 1 18 12 5 10 0 
Costo route:169091.0487561766

Numero di route: 7
Numero di mezzi: 7
Costo totale:750214.4098061061
Errore relativo: 1.1549216114382321
Tempo di esecuzione: 2.213080883026123
